Run semi-empirical minimization
 &qmmm
    qm_theory='AM1', grms_tol=0.0005,
 scfconv=1.d-10, ndiis_attempts=700,   qmcharge=0,
 /
   6     C       -1.9610       21.5500      -27.3300 
   6    C1       -1.2940       22.4120      -28.1960 
   6    C2       -1.9550       22.9520      -29.2940 
   6    C3       -3.3000       22.6220      -29.5430 
   6    C4       -3.9690       21.7590      -28.6530 
   6    C5       -3.2920       21.2290      -27.5620 
  17    Cl       -5.6400       21.3530      -28.9190 
   6    C6       -4.0400       23.1520      -30.7110 
   8     O       -4.2260       22.4200      -31.6690 
   7     N       -4.5130       24.4120      -30.6480 
   6    C7       -5.2870       25.1110      -31.5800 
   6    C8       -5.9620       24.5480      -32.6810 
   6    C9       -6.7810       25.3610      -33.4590 
   7    N1       -6.9230       26.6540      -33.1830 
   6   C10       -6.2980       27.2320      -32.1580 
   6   C11       -5.5070       26.4570      -31.3070 
   7    N2       -6.5390       28.5830      -31.8840 
   6   C12       -5.7130       29.4450      -31.2330 
   8    O1       -4.6160       29.1220      -30.8100 
   6   C13       -6.2320       30.8470      -31.0310 
  17   Cl1       -1.1120       24.0510      -30.3320 
   6   C14       -6.9630       31.4000      -32.2180 
   1     H       -1.4440       21.1320      -26.4790 
   1    H1       -0.2590       22.6630      -28.0160 
   1    H2       -3.8110       20.5610      -26.8910 
   1    H3       -4.3170       24.9850      -29.8390 
   1    H4       -5.8400       23.4990      -32.9090 
   1    H5       -7.3120       24.9440      -34.3020 
   1    H6       -5.0640       26.9090      -30.4310 
   1    H7       -7.4040       29.0130      -32.1800 
   6   C15       -5.0890       31.7550      -30.6830 
   6   C16       -7.1340       30.8760      -29.8330 
   1    H8       -5.4620       32.7690      -30.5370 
   1    H9       -4.6140       31.4070      -29.7660 
   1   H10       -4.3610       31.7490      -31.4940 
   1   H11       -7.3050       32.4110      -31.9960 
   1   H12       -6.2950       31.4240      -33.0790 
   1   H13       -7.8220       30.7680      -32.4440 
   1   H14       -7.5100       31.8880      -29.6850 
   1   H15       -7.9720       30.1980      -29.9920 
   1   H16       -6.5770       30.5630      -28.9500 

