1 0.7195947170257568 
2 0.9528682231903076 
3 1.026434063911438 
4 0.8008184432983398 
5 0.6402438879013062 
6 0.8874112963676453 
7 0.6444041728973389 
8 1.0973800420761108 
9 0.888962984085083 
10 0.4953702390193939 
11 0.8884145021438599 
12 0.6591951251029968 
13 1.144669532775879 
14 1.0843614339828491 
15 0.6281408071517944 
16 0.5888664126396179 
17 0.8334072232246399 
18 0.6023921966552734 
19 0.6133124828338623 
20 0.6419646143913269 
21 0.7059094905853271 
22 0.760127067565918 
23 0.6503124833106995 
24 1.796353816986084 
25 1.7474216222763062 
26 1.3557641506195068 
27 1.8142054080963135 
28 1.381695032119751 
29 0.9960637092590332 
30 1.0999553203582764 
31 1.3034001588821411 
32 1.5013474225997925 
33 1.6329784393310547 
34 1.4974756240844727 
35 1.3044607639312744 
36 1.3975465297698975 
37 1.643936276435852 
38 1.6227129697799683 
39 1.591873049736023 
40 1.2065199613571167 
41 1.4012539386749268 
42 1.6121556758880615 
43 1.199046015739441 
44 1.2302353382110596 
45 0.9025232195854187 
46 1.368839144706726 
47 0.8616004586219788 
48 0.9367416501045227 
49 0.6711316108703613 
50 1.0277901887893677 
51 1.0655118227005005 
52 1.1000771522521973 
53 1.043064832687378 
54 0.6189361214637756 
55 0.9089762568473816 
56 1.0325422286987305 
57 0.9521136283874512 
58 0.9845761060714722 
59 1.071395754814148 
60 0.5789818167686462 
61 0.9833738803863525 
62 1.3711495399475098 
63 0.8976981043815613 
64 0.9624605178833008 
65 0.8055049777030945 
66 0.9417958855628967 
67 1.2291316986083984 
68 1.0704749822616577 
69 0.9827489852905273 
70 0.6958680152893066 
71 0.6270412802696228 
72 0.8094682097434998 
73 0.9015469551086426 
74 0.7385420799255371 
75 0.8676754832267761 
76 1.1699368953704834 
77 0.8126682043075562 
78 0.6914454698562622 
79 0.757960855960846 
80 0.956146776676178 
81 0.9058806300163269 
82 0.8948193788528442 
83 0.9153741598129272 
84 0.774711549282074 
85 1.0095142126083374 
86 0.9053082466125488 
87 1.2330175638198853 
88 0.8996487259864807 
89 0.9605806469917297 
90 0.8986102938652039 
91 1.2709324359893799 
92 0.8609486222267151 
93 0.8741587996482849 
94 0.9902410507202148 
95 1.1035151481628418 
96 1.0747110843658447 
97 1.2507617473602295 
98 0.9570350050926208 
99 0.9334239363670349 
100 0.812756359577179 
101 1.107227087020874 
102 1.2981101274490356 
103 1.1106030941009521 
104 1.2700426578521729 
105 1.439444661140442 
106 1.3544644117355347 
107 0.7723192572593689 
108 0.9604685306549072 
109 0.649880588054657 
110 0.9038061499595642 
111 1.4438881874084473 
112 1.2907538414001465 
113 1.6975741386413574 
114 1.278204083442688 
115 1.6460509300231934 
116 1.637082576751709 
117 1.2003933191299438 
118 1.149396538734436 
119 1.4152252674102783 
120 1.843037724494934 
121 2.0510199069976807 
122 2.0185248851776123 
123 1.3892184495925903 
124 1.0471694469451904 
125 0.9504852294921875 
126 0.8726199865341187 
127 1.4152649641036987 
128 1.2847908735275269 
129 0.8772567510604858 
130 0.8030635118484497 
131 1.5621960163116455 
132 1.3992609977722168 
133 1.4190376996994019 
134 1.4595280885696411 
135 1.8091201782226562 
136 1.1252529621124268 
137 1.5891363620758057 
138 1.542485237121582 
139 1.3497998714447021 
140 1.6666916608810425 
141 1.4614325761795044 
142 1.4835549592971802 
143 1.5051963329315186 
144 2.037271022796631 
145 1.939857840538025 
146 1.581400990486145 
147 1.5761473178863525 
148 1.7893345355987549 
149 1.52108633518219 
150 1.7519280910491943 
151 1.440453290939331 
152 1.6201534271240234 
153 1.6514886617660522 
154 1.341831088066101 
155 1.5449674129486084 
156 1.7106208801269531 
157 1.538899302482605 
158 1.6441550254821777 
159 1.7254828214645386 
160 1.9685605764389038 
161 1.9292434453964233 
162 2.096078395843506 
163 1.7771766185760498 
164 1.4738354682922363 
165 1.9714332818984985 
166 2.059088706970215 
167 1.9613099098205566 
168 1.7055715322494507 
169 1.8721545934677124 
170 1.8141835927963257 
171 1.8603801727294922 
172 1.6213043928146362 
173 1.506776213645935 
174 1.7227752208709717 
175 1.4921417236328125 
176 1.5134248733520508 
177 1.6160645484924316 
178 1.6272937059402466 
179 2.2785773277282715 
180 1.4923022985458374 
181 1.5897542238235474 
182 1.4979751110076904 
183 1.5829429626464844 
184 1.5488139390945435 
185 1.6801996231079102 
186 1.6149908304214478 
187 1.4337968826293945 
188 1.521497130393982 
189 1.5052392482757568 
190 1.6299684047698975 
191 1.7963645458221436 
192 1.6815968751907349 
193 1.7565269470214844 
194 1.599317193031311 
195 1.5904085636138916 
196 1.310336709022522 
197 1.7050166130065918 
198 1.603084683418274 
199 1.9134674072265625 
200 1.5300827026367188 
201 1.6605981588363647 
202 1.808078408241272 
203 1.628993034362793 
204 1.6596126556396484 
205 1.8661926984786987 
206 2.4037985801696777 
207 1.6067792177200317 
208 1.6187669038772583 
209 1.3222676515579224 
210 1.8025790452957153 
211 1.4574284553527832 
212 1.546370029449463 
213 1.660980224609375 
214 1.4929492473602295 
215 1.475062370300293 
216 1.654901146888733 
217 1.7283927202224731 
218 1.4241338968276978 
219 1.865558385848999 
220 1.5472644567489624 
221 1.7945648431777954 
222 1.8379533290863037 
223 1.5836336612701416 
224 1.6488460302352905 
225 1.5155675411224365 
226 1.5765727758407593 
227 1.4802014827728271 
228 1.5190373659133911 
229 1.5676273107528687 
230 1.8254787921905518 
231 1.7702040672302246 
232 1.776138186454773 
233 1.7737579345703125 
234 1.8803815841674805 
235 1.7607743740081787 
236 1.8744759559631348 
237 1.4825809001922607 
238 1.683039665222168 
239 1.7950705289840698 
240 1.941946029663086 
241 1.7892546653747559 
242 1.5974737405776978 
243 1.9355452060699463 
244 1.7251381874084473 
245 2.063709259033203 
246 1.4288339614868164 
247 1.7231857776641846 
248 1.7370890378952026 
249 1.8217658996582031 
250 1.6621332168579102 
251 1.7231817245483398 
252 1.583581805229187 
253 2.01318097114563 
254 1.7328524589538574 
255 1.4886810779571533 
256 1.5688821077346802 
257 1.6295619010925293 
258 1.9745537042617798 
259 1.8934427499771118 
260 1.5998175144195557 
261 1.8342194557189941 
262 1.6448761224746704 
263 1.9706779718399048 
264 1.6291106939315796 
265 2.029218912124634 
266 1.5952823162078857 
267 1.7744941711425781 
268 1.5861501693725586 
269 1.6343227624893188 
270 1.6336249113082886 
271 1.7409634590148926 
272 1.973544955253601 
273 2.0083446502685547 
274 1.5430641174316406 
275 1.6640108823776245 
276 1.5652810335159302 
277 1.5999616384506226 
278 1.566333293914795 
279 1.6722813844680786 
280 2.1680796146392822 
281 2.19978404045105 
282 1.9758846759796143 
283 2.631072521209717 
284 1.8152061700820923 
285 2.2296040058135986 
286 1.7392001152038574 
287 1.7501863241195679 
288 1.6535638570785522 
289 1.800412654876709 
290 1.8369052410125732 
291 1.7272275686264038 
292 2.1056370735168457 
293 1.871948480606079 
294 1.8323808908462524 
295 1.9319285154342651 
296 1.6544190645217896 
297 2.0751030445098877 
298 1.6622618436813354 
299 2.080578327178955 
300 2.477052927017212 
301 1.7508515119552612 
302 1.7089346647262573 
303 1.6732373237609863 
304 1.5151041746139526 
305 2.420572280883789 
306 2.0169615745544434 
307 1.4794366359710693 
308 1.7568151950836182 
309 1.9122811555862427 
310 1.4587979316711426 
311 1.5911363363265991 
312 2.3069889545440674 
313 2.1557462215423584 
314 2.000875949859619 
315 1.9497827291488647 
316 1.8816063404083252 
317 2.3117945194244385 
318 2.1714024543762207 
319 2.279165029525757 
320 2.167696475982666 
321 1.6847641468048096 
322 1.6159778833389282 
323 1.715267300605774 
324 1.8328009843826294 
325 1.5850238800048828 
326 1.567333698272705 
327 1.695732831954956 
328 1.775516390800476 
329 1.7276580333709717 
330 2.294039249420166 
331 2.174039125442505 
332 1.9748355150222778 
333 1.8694558143615723 
334 1.9745959043502808 
335 2.0573670864105225 
336 1.9359281063079834 
337 2.7395999431610107 
338 2.090379238128662 
339 1.862015724182129 
340 1.5230807065963745 
341 1.95600426197052 
342 2.094815969467163 
343 1.5362179279327393 
344 1.684581995010376 
345 2.782444477081299 
346 2.3934688568115234 
347 2.4616963863372803 
348 2.2348792552948 
349 1.6299716234207153 
350 2.515246868133545 
351 2.0908780097961426 
352 2.159363269805908 
353 2.3284592628479004 
354 2.5075271129608154 
355 2.1210274696350098 
356 2.0317628383636475 
357 2.3170201778411865 
358 2.208012342453003 
359 2.2072534561157227 
360 2.3950626850128174 
361 2.5662195682525635 
362 2.2490150928497314 
363 2.4531211853027344 
364 3.705594062805176 
365 1.7311981916427612 
366 1.7489687204360962 
367 1.8376306295394897 
368 1.8221161365509033 
369 2.365962028503418 
370 2.0523269176483154 
371 2.664010763168335 
372 1.9750539064407349 
373 1.9074172973632812 
374 1.8379194736480713 
375 1.6737089157104492 
376 1.931173324584961 
377 1.7916831970214844 
378 1.6469498872756958 
379 1.851898431777954 
380 1.688463807106018 
381 1.7745890617370605 
382 1.8136307001113892 
383 1.6482570171356201 
384 1.50014066696167 
385 1.4707099199295044 
386 1.8379700183868408 
387 1.7446558475494385 
388 1.980814814567566 
389 1.7814713716506958 
390 1.5834969282150269 
391 1.6870403289794922 
392 1.7633038759231567 
393 1.6956652402877808 
394 1.7847129106521606 
395 1.9107533693313599 
396 2.2107861042022705 
397 1.6861273050308228 
398 1.9808967113494873 
399 1.5762876272201538 
400 1.9126815795898438 
401 1.6470471620559692 
402 1.693709373474121 
403 1.7438215017318726 
404 1.6127209663391113 
405 1.7813827991485596 
406 1.9982311725616455 
407 1.3318240642547607 
408 1.7318754196166992 
409 1.6045966148376465 
410 2.3025035858154297 
411 1.998576283454895 
412 2.0583620071411133 
413 1.8709471225738525 
414 1.5526082515716553 
415 2.2149384021759033 
416 1.7528201341629028 
417 1.8421310186386108 
418 1.8592512607574463 
419 1.641213059425354 
420 1.9297300577163696 
421 1.9339344501495361 
422 2.2491021156311035 
423 1.8412944078445435 
424 1.8084754943847656 
425 1.907031536102295 
426 2.235038995742798 
427 1.8374009132385254 
428 1.9950029850006104 
429 1.8105415105819702 
430 1.8185603618621826 
431 1.8311138153076172 
432 1.634739637374878 
433 1.7418043613433838 
434 1.7383121252059937 
435 1.9398720264434814 
436 1.9572380781173706 
437 1.7454944849014282 
438 1.9316973686218262 
439 1.6878390312194824 
440 1.7099158763885498 
441 1.7708975076675415 
442 1.4203407764434814 
443 1.706978678703308 
444 2.1607160568237305 
445 1.8043802976608276 
446 2.1017866134643555 
447 1.8206276893615723 
448 2.1279492378234863 
449 1.5669736862182617 
450 1.8093531131744385 
451 1.709739089012146 
452 1.519826054573059 
453 1.962032437324524 
454 2.044971466064453 
455 1.6551427841186523 
456 2.4153056144714355 
457 2.388399600982666 
458 1.6093462705612183 
459 1.4576424360275269 
460 1.9826874732971191 
461 1.8383897542953491 
462 1.8685177564620972 
463 1.4959352016448975 
464 1.6552997827529907 
465 1.9115368127822876 
466 1.9361929893493652 
467 1.6018253564834595 
468 1.6981700658798218 
469 1.6753615140914917 
470 1.5585864782333374 
471 1.8398641347885132 
472 1.9889023303985596 
473 1.6480214595794678 
474 1.7589784860610962 
475 1.719544768333435 
476 1.9074774980545044 
477 1.9593498706817627 
478 1.6702522039413452 
479 1.8678364753723145 
480 1.944814682006836 
481 2.009230852127075 
482 1.9116077423095703 
483 2.282320737838745 
484 1.9512110948562622 
485 1.6456692218780518 
486 1.7246187925338745 
487 1.9644044637680054 
488 1.639115810394287 
489 1.8783304691314697 
490 1.8864985704421997 
491 1.7218034267425537 
492 1.8310860395431519 
493 1.6817461252212524 
494 1.9092276096343994 
495 1.9164607524871826 
496 1.9148441553115845 
497 1.978875756263733 
498 1.9149342775344849 
499 1.9740138053894043 
