1 1.5883278846740723 
2 1.4255962371826172 
3 2.122199773788452 
4 1.8334341049194336 
5 2.7360663414001465 
6 2.921208620071411 
7 2.8821403980255127 
8 2.814988851547241 
9 3.5131421089172363 
10 3.62072491645813 
11 3.4431040287017822 
12 3.441554307937622 
13 3.615414619445801 
14 4.772017002105713 
15 3.2440526485443115 
16 2.1862385272979736 
17 2.199227809906006 
18 2.1575050354003906 
19 2.3632149696350098 
20 2.400148630142212 
21 1.8054190874099731 
22 3.6490509510040283 
23 4.211817741394043 
24 3.321930170059204 
25 3.964909315109253 
26 1.9890038967132568 
27 2.3777027130126953 
28 1.750943660736084 
29 2.0235166549682617 
30 1.8386695384979248 
31 2.5822319984436035 
32 1.9483511447906494 
33 2.1740810871124268 
34 2.9243087768554688 
35 4.021554470062256 
36 4.144918918609619 
37 4.14239501953125 
38 3.8611032962799072 
39 4.002655029296875 
40 3.4421792030334473 
41 3.9153456687927246 
42 4.430055618286133 
43 3.982717990875244 
44 4.893243312835693 
45 4.596405029296875 
46 4.462883949279785 
47 4.453759670257568 
48 4.5237812995910645 
49 4.736673355102539 
50 4.377491474151611 
51 3.9788949489593506 
52 2.9139764308929443 
53 4.651863098144531 
54 4.4985809326171875 
55 5.386260509490967 
56 5.225153923034668 
57 4.080442428588867 
58 4.620372295379639 
59 4.401500225067139 
60 4.553480625152588 
61 4.432074069976807 
62 4.461534023284912 
63 4.550870418548584 
64 4.054499626159668 
65 4.566521644592285 
66 4.560806751251221 
67 4.338840007781982 
68 4.483939170837402 
69 4.741661548614502 
70 4.679994583129883 
71 4.28029727935791 
72 3.940391778945923 
73 3.3908767700195312 
74 3.7487010955810547 
75 3.8045060634613037 
76 3.829083204269409 
77 4.41402530670166 
78 4.206692695617676 
79 3.400693416595459 
80 4.26261043548584 
81 4.181589126586914 
82 4.2931132316589355 
83 4.073337554931641 
84 4.766258239746094 
85 4.233248233795166 
86 4.422154903411865 
87 4.7978363037109375 
88 4.303277969360352 
89 3.834868907928467 
90 3.338568687438965 
91 3.2937772274017334 
92 3.3192553520202637 
93 3.632432699203491 
94 3.035029649734497 
95 2.342794179916382 
96 2.1732215881347656 
97 2.3084943294525146 
98 1.7891135215759277 
99 2.5209312438964844 
100 2.525883436203003 
101 2.4049291610717773 
102 2.0738272666931152 
103 2.568415641784668 
104 2.9367802143096924 
105 2.445176124572754 
106 3.3525068759918213 
107 3.2759454250335693 
108 3.0196146965026855 
109 3.183253526687622 
110 2.9824976921081543 
111 2.7582294940948486 
112 2.5665788650512695 
113 2.6131069660186768 
114 2.646740198135376 
115 3.038145065307617 
116 3.7109408378601074 
117 3.6370656490325928 
118 3.7416512966156006 
119 3.5542633533477783 
120 3.124222755432129 
121 3.6703941822052 
122 3.3314764499664307 
123 3.5230038166046143 
124 3.76342511177063 
125 3.491692543029785 
126 3.681514024734497 
127 3.101332902908325 
128 3.4640238285064697 
129 3.5224485397338867 
130 3.862565755844116 
131 3.494328260421753 
132 3.6161937713623047 
133 3.0873188972473145 
134 3.404047727584839 
135 3.1601521968841553 
136 3.337113380432129 
137 3.0682361125946045 
138 3.6702070236206055 
139 3.6790707111358643 
140 3.4240241050720215 
141 3.8931941986083984 
142 3.6886048316955566 
143 3.817084550857544 
144 3.673717498779297 
145 3.4218552112579346 
146 3.298029899597168 
147 3.48588490486145 
148 3.244945764541626 
149 3.5431978702545166 
150 2.9043281078338623 
151 3.032179355621338 
152 3.612732172012329 
153 2.52262020111084 
154 3.326939582824707 
155 2.6220109462738037 
156 3.1280386447906494 
157 4.048580646514893 
158 3.6515660285949707 
159 3.4949586391448975 
160 3.9869730472564697 
161 3.534078359603882 
162 3.758195400238037 
163 3.2920234203338623 
164 3.558619976043701 
165 3.7980568408966064 
166 4.078722953796387 
167 3.590801239013672 
168 4.57534122467041 
169 3.8260648250579834 
170 3.758458137512207 
171 3.6130990982055664 
172 3.83730149269104 
173 3.814485788345337 
174 3.8444254398345947 
175 3.797525405883789 
176 4.0072922706604 
177 4.23175573348999 
178 4.016780853271484 
179 4.636011123657227 
180 4.064543724060059 
181 4.749480724334717 
182 3.675220012664795 
183 4.028496742248535 
184 4.236493110656738 
185 4.246821880340576 
186 3.9224629402160645 
187 3.9870681762695312 
188 3.4743311405181885 
189 3.8107941150665283 
190 3.835062265396118 
191 4.007082462310791 
192 3.8123903274536133 
193 4.0376176834106445 
194 3.4363927841186523 
195 4.246400356292725 
196 3.7867374420166016 
197 3.7839291095733643 
198 3.982879877090454 
199 3.6176254749298096 
200 3.716043472290039 
201 3.6726088523864746 
202 3.7169580459594727 
203 4.2863640785217285 
204 4.447572708129883 
205 3.9954421520233154 
206 4.877289295196533 
207 4.125730991363525 
208 3.694835662841797 
209 4.5178399085998535 
210 4.527302265167236 
211 3.8763458728790283 
212 4.0899658203125 
213 4.1509833335876465 
214 5.042232513427734 
215 4.049357891082764 
216 3.823564052581787 
217 4.44440221786499 
218 3.8161466121673584 
219 3.1510536670684814 
220 3.327755928039551 
221 3.461198091506958 
222 2.5522141456604004 
223 3.322291612625122 
224 3.2031636238098145 
225 2.654719829559326 
226 2.2873077392578125 
227 3.149573802947998 
228 1.8715633153915405 
229 2.0560977458953857 
230 2.50207257270813 
231 3.3182971477508545 
232 4.534393310546875 
233 3.9242546558380127 
234 3.479132890701294 
235 4.086989402770996 
236 4.0084099769592285 
237 4.495626926422119 
238 4.178107738494873 
239 4.321927070617676 
240 3.510753870010376 
241 3.124608039855957 
242 3.8018453121185303 
243 4.543789863586426 
244 4.01484489440918 
245 4.6760969161987305 
246 4.737269878387451 
247 4.456906318664551 
248 4.899631977081299 
249 4.181969165802002 
250 3.584902048110962 
251 3.592902183532715 
252 4.443901538848877 
253 3.8430910110473633 
254 4.123733043670654 
255 5.163804054260254 
256 4.44154691696167 
257 4.0016279220581055 
258 4.859844207763672 
259 5.231235504150391 
260 5.132037162780762 
261 5.178387641906738 
262 5.191129207611084 
263 4.908388137817383 
264 4.387277603149414 
265 4.540608882904053 
266 5.10438346862793 
267 4.633265972137451 
268 4.620227813720703 
269 4.13021183013916 
270 3.6651721000671387 
271 3.5457093715667725 
272 4.033161163330078 
273 4.300547122955322 
274 4.5589141845703125 
275 3.6862289905548096 
276 4.409425735473633 
277 4.595062255859375 
278 4.652754306793213 
279 5.222275257110596 
280 4.698088645935059 
281 4.997684001922607 
282 4.599734783172607 
283 4.923030376434326 
284 4.983799457550049 
285 4.895384788513184 
286 5.102055549621582 
287 4.108030319213867 
288 4.305021286010742 
289 4.835990905761719 
290 4.849478721618652 
291 4.690709590911865 
292 4.827358245849609 
293 4.318961143493652 
294 4.918099880218506 
295 4.926078796386719 
296 4.753495693206787 
297 5.221468448638916 
298 5.093320369720459 
299 5.029489994049072 
300 4.914024353027344 
301 4.531200408935547 
302 4.858193397521973 
303 5.025545597076416 
304 5.013404846191406 
305 5.179717063903809 
306 5.237567901611328 
307 5.127070426940918 
308 5.241795063018799 
309 5.126362323760986 
310 5.237895965576172 
311 4.888049602508545 
312 4.796512603759766 
313 4.688460826873779 
314 4.942677021026611 
315 4.946361064910889 
316 4.505107402801514 
317 4.418788433074951 
318 4.960171699523926 
319 4.636165618896484 
320 4.650264739990234 
321 4.701624870300293 
322 4.397340774536133 
323 4.490416526794434 
324 4.310123443603516 
325 4.809840679168701 
326 4.227065086364746 
327 4.796746253967285 
328 5.067923545837402 
329 4.869437217712402 
330 4.691989898681641 
331 4.901390075683594 
332 5.251540660858154 
333 4.8563127517700195 
334 5.401181697845459 
335 5.195709228515625 
336 4.990988254547119 
337 5.1118998527526855 
338 5.029643535614014 
339 5.004826545715332 
340 4.391512393951416 
341 4.751584053039551 
342 5.134238243103027 
343 4.897200107574463 
344 5.134940147399902 
345 4.7405548095703125 
346 4.666554927825928 
347 4.687023162841797 
348 4.831027984619141 
349 4.572077751159668 
350 4.95639181137085 
351 4.92780065536499 
352 5.03300142288208 
353 5.179133415222168 
354 4.943633556365967 
355 5.121842861175537 
356 5.116690158843994 
357 4.878812313079834 
358 4.454653739929199 
359 4.683670997619629 
360 4.792989253997803 
361 4.770023345947266 
362 4.775825500488281 
363 4.539822578430176 
364 4.616820812225342 
365 4.715520858764648 
366 4.551774978637695 
367 5.036777973175049 
368 5.238646507263184 
369 4.883203983306885 
370 5.040025234222412 
371 5.1733808517456055 
372 4.6162109375 
373 4.649040699005127 
374 4.448078632354736 
375 4.98817253112793 
376 5.047298908233643 
377 4.837179660797119 
378 4.900542259216309 
379 4.555508136749268 
380 5.059685230255127 
381 4.7037034034729 
382 4.517807483673096 
383 4.918278694152832 
384 4.310950756072998 
385 5.0500030517578125 
386 4.060543537139893 
387 4.806910991668701 
388 4.936096668243408 
389 4.786543846130371 
390 4.842281818389893 
391 4.122974395751953 
392 4.895147323608398 
393 4.756705284118652 
394 5.117856979370117 
395 4.974376201629639 
396 4.669116973876953 
397 5.040894031524658 
398 4.8617167472839355 
399 4.930731296539307 
400 4.4540276527404785 
401 4.973869800567627 
402 4.860228061676025 
403 5.4654927253723145 
404 4.943135738372803 
405 5.091891765594482 
406 4.908630847930908 
407 5.169183254241943 
408 5.111783027648926 
409 5.002645492553711 
410 5.203669548034668 
411 5.042339324951172 
412 5.134945392608643 
413 5.318323612213135 
414 5.349499225616455 
415 4.557774543762207 
416 4.226438045501709 
417 4.52593469619751 
418 4.891724586486816 
419 5.259335517883301 
420 4.968904972076416 
421 4.6844611167907715 
422 5.151067733764648 
423 4.534358024597168 
424 4.755077362060547 
425 5.08760929107666 
426 4.628640651702881 
427 4.582412242889404 
428 3.9689512252807617 
429 4.5664191246032715 
430 4.671743392944336 
431 4.0968170166015625 
432 4.11857795715332 
433 4.780054092407227 
434 4.289656162261963 
435 4.354394435882568 
436 4.449306488037109 
437 4.3871684074401855 
438 4.62313175201416 
439 5.228811264038086 
440 4.516357421875 
441 4.79498815536499 
442 4.564059734344482 
443 4.577600002288818 
444 5.237990379333496 
445 4.947051048278809 
446 5.124127388000488 
447 4.977773666381836 
448 4.734152793884277 
449 5.434419631958008 
450 5.028698921203613 
451 4.980301856994629 
452 4.914114952087402 
453 4.513607025146484 
454 4.92446756362915 
455 4.663210868835449 
456 5.064837455749512 
457 4.960722923278809 
458 5.030284881591797 
459 4.721192836761475 
460 5.001577854156494 
461 4.871338844299316 
462 4.787026882171631 
463 5.358989715576172 
464 4.887758731842041 
465 4.79580020904541 
466 4.918613433837891 
467 4.516767978668213 
468 4.212196350097656 
469 4.517282009124756 
470 4.406418323516846 
471 4.397724628448486 
472 4.384733200073242 
473 4.612652778625488 
474 4.1340155601501465 
475 4.1285929679870605 
476 4.00898551940918 
477 4.759969234466553 
478 4.229480266571045 
479 4.9459404945373535 
480 4.973379611968994 
481 4.592260360717773 
482 4.387388706207275 
483 4.393795490264893 
484 4.851899147033691 
485 4.451741695404053 
486 4.637233734130859 
487 4.781773567199707 
488 4.9339704513549805 
489 5.127135276794434 
490 4.524072170257568 
491 4.253337383270264 
492 4.3801493644714355 
493 4.426205158233643 
494 4.6629438400268555 
495 4.416330337524414 
496 4.301729679107666 
497 4.484238147735596 
498 4.2101006507873535 
499 4.40391206741333 
